513
237
435
626
519
469
151
768
647
150
726
744
947
580
411
848
889
780
367
439
394
509
229
353
198
319
582
631
306
294
352
447
844
640
674
637
70
775
248
763
827
72
715
90
239
926
107
390
900
287
859
996
374
314
472
983
242
325
290
910
524
674
492
8
729
735
778
233
317
627
802
94
859
851
884
639
685
501
26
535
278
178
764
627
215
296
900
893
937
915
618
197
115
763
42
742
891
603
754
647
815
609
311
528
695
889
279
507
196
834
826
557
445
425
414
578
424
183
589
114
439
884
441
120
435
730
736
691
460
107
264
143
27
589
424
363
688
370
600
838
581
737
326
264
235
782
800
129
416
980
765
208
303
804
288
342
753
31
470
426
969
888
625
14
318
713
947
428
601
256
205
811
562
304
493
990
886
783
568
588
512
976
814
272
495
30
343
555
240
395
290
50
362
375
813
584
962
412
844
85
603
293
109
633
762
908
455
606
45
744
23
297
938
742
278
930
387
697
450
483
974
840
403
196
985
771
460
212
141
395
236
224
268
8
981
544
714
206
496
511
760
761
121
628
827
128
852
343
756
724
107
881
940
661
170
30
595
67
852
285
938
653
395
269
575
708
149
813
855
133
56
635
490
713
480
985
220
265
392
197
786
808
468
536
30
436
109
248
349
28
933
222
349
460
755
174
913
483
593
745
529
907
730
442
99
259
371
803
60
567
907
713
69
430
344
265
39
24
894
79
816
206
304
474
269
369
905
425
76
204
954
671
986
30
271
923
854
840
722
547
200
729
565
641
597
849
202
917
670
563
356
280
967
932
219
523
506
215
588
40
260
521
527
957
384
280
587
605
435
677
118
716
398
726
686
266
777
110
165
373
536
477
480
143
184
320
592
880
769
116
705
564
74
868
263
997
783
719
743
543
920
775
797
836
319
816
750
399
415
35
13
543
150
466
410
489
250
261
990
93
677
467
313
80
528
459
769
220
155
691
960
324
801
917
658
470
533
537
393
386
728
228
181
370
935
514
445
671
357
432
640
732
753
949
625
195
42
289
311
83
373
819
615
66
972
669
254
207
516
708
404
104
336
76
762
828
220
886
41
573
104
289
422
409
428
522
11
54
439
135
806
76
220
11
241
419
733
378
793
669
652
431
732
958
267
746
505
922
238
130
807
611
493
70
872
758
36
428
994
328
949
553
833
718
382
451
528
564
791
172
142
511
231
87
481
890
954
187
812
689
131
71
514
729
936
791
187
451
821
188
260
222
212
885
625
564
455
607
323
214
262
960
821
417
447
340
909
369
239
127
746
197
945
818
85
408
251
257
214
187
931
607
644
472
268
250
69
196
937
231
626
611
663
434
10
104
403
134
436
395
367
79
24
543
636
762
598
654
658
45
459
698
422
770
142
345
568
549
710
227
238
351
598
530
921
65
540
317
106
695
631
501
990
334
18
859
61
574
293
11
787
519
86
746
254
44
904
637
967
467
751
305
667
280
551
277
369
106
905
837
470
531
224
750
170
966
758
305
986
206
561
546
675
823
912
128
294
76
237
680
729
465
50
105
445
610
958
690
744
592
250
473
318
429
100
739
368
830
930
75
86
890
951
865
762
882
414
666
317
795
604
334
520
791
120
337
697
216
446
137
193
338
378
66
374
459
300
593
457
562
876
391
935
145
170
101
897
402
721
219
3
412
624
990
415
470
130
739
454
254
798
516
265
941
749
487
273
972
23
969
715
578
595
510
22
762
78
919
334
871
621
673
937
417
74
572
894
311
907
84
654
160
953
260
917
781
477
642
553
601
620
58
826
79
740
717
734
823
692
517
732
558
558
949
612
584
884
533
846
902
935
171
142
651
9
330
515
15
336
464
661
258
603
576
879
42
624
331
371
684
189
621
159
512
632
996
428
966
145
860
563
614
353
835
665
728
216
221
827
584
751
920
947
137
638
777
372
228
212
700
135
985
895
491
87
565
599
798
687
899
98
69
744
599
954
941
883
672
982
955
30
212
809
8
671
715
547
444
206
182
127
204
136
648
302
917
396
330
870
366
603
1
146
209
495
789
192
384
358
43
875
91
704
400
249
754
995
750
310
888
690
225
650
255
389
875
48
221
371
200
516
744
292
166
844
857
329
899
172
91
558
685
613
713
840
433
468
221
992
278
61
957
540
462
716
294
817
151
934
255
704
350
260
9
777
574
906
127
163
424
660
20
859
721
75
442
832
377
519
497
637
620
91
26
876
780
918
797
249
239
916
403
493
736
483
265
990
687
203
